124.388944336232460 39.873694475968087
124.388749999985220 39.874526102268632
124.388372002491010 39.875329787580924
124.387672456999280 39.876051137783293
124.386972896941810 39.876772483929940
124.386273322317850 39.877493826020533
124.385381757892330 39.877920000908937
124.384496305402620 39.878363704646951
124.383782988048410 39.879077022787378
124.382935755336220 39.879592750494830
124.382051437040570 39.880044664533237
124.381130107556930 39.880380938471177
124.380300584067740 39.880889419202447
124.379343639264560 39.881244091212743
124.378538543199950 39.881849638831568
124.377497249250920 39.882060000093439
124.376786455828580 39.882764396682511
124.376086581142790 39.883485603191033
124.375092671021960 39.883698558837374
124.374365537236740 39.884347355777365
124.373339751055410 39.884578657492156
124.372603138448180 39.885256863243114
124.371519387762490 39.885401278555605
124.370350642434640 39.885415134473938
124.369488411412210 39.885889185801126
124.368535701502740 39.886221660770985
124.367366809795390 39.886224712171142
124.366197917648120 39.886227751788674
124.365029025061700 39.886230779623538
124.363860132036820 39.886233795675750
124.362691238574160 39.886236799945273
124.361522344674360 39.886239792432143
124.360353450338150 39.886242773136303
124.359184555566220 39.886245742057753
124.358015660359240 39.886248699196507
124.357110242309500 39.885846158157150
124.356238973818930 39.885392216707451
124.355070111916990 39.885398219942125
124.353901249477990 39.885404211396548
124.352732386502570 39.885410191070704
124.351563522991440 39.885416158964588
124.350534056090620 39.885659152122656
124.350382172005410 39.886508444494496
124.350410750030850 39.887408656526468
124.350439329135980 39.888308868402625
124.351153072632200 39.889016663773404
124.351195593445810 39.889889828230295
124.351853712047970 39.890611342457944
124.352041719600420 39.891450144056755
124.352625058133870 39.892182748452150
124.352927804523030 39.892994407206174
124.352487202366620 39.893714487322015
124.352059999977840 39.892943199487107
124.351704567924740 39.892133740779947
124.351004659649990 39.891412497077226
124.350423660129720 39.890661765994189
124.350246340997630 39.889813793287708
124.349515462520840 39.889111027930355
124.348571605665300 39.888744886101094
124.347402738641420 39.888734360933768
124.346233871643990 39.888723823976477
124.345390000007900 39.889183767953213
124.345319341980210 39.890064307684412
124.344564124251750 39.890751640593500
124.344557407201320 39.891632836870656
124.343855239618820 39.892341202022664
124.343745624232230 39.893204562776980
124.343136029973220 39.893943972279587
124.342932179480660 39.894793013029343
124.342921395742930 39.895693456284853
124.342179755764010 39.896239509921351
124.341238594507160 39.896592733808092
124.341205648204550 39.897484267017205
124.340489592034590 39.898196083046322
124.339773521125390 39.898907894813448
124.339057435476360 39.899619702318262
124.338341335086880 39.900331505560423
124.337625219956320 39.901043304539598
124.336909090084020 39.901755099255475
124.336220000008710 39.902474018110134
124.336166646119570 39.903359716472693
124.335217699253730 39.903720000598817
124.334412107211380 39.904284869024153
124.333401509971760 39.904557446308893
124.332675209281960 39.905238460121602
124.331624470520250 39.905420031318805
124.330455235347700 39.905420062834942
124.329285999846970 39.905420082558607
124.328116764018740 39.905420090489763
124.326947527863680 39.905420086628432
124.325778291382490 39.905420070974586
124.324609054575890 39.905420043528252
124.323439817444550 39.905420004289383
124.322698009647720 39.904765169155333
124.321662705164070 39.904560014922012
124.320493481835110 39.904560025643789
124.319324258181180 39.904560024573406
124.318155034202890 39.904560011710899
124.317179125439750 39.904239639605379
124.316323476907330 39.903720001670720
124.315154266380080 39.903720001155079
124.314369009715420 39.903119012351027
124.313662989187390 39.903378747449494
124.312960453034290 39.904098553152743
124.312909937519440 39.904988600507863
124.312899260260920 39.905889049443630
124.312982565058280 39.906765912158107
124.313680073841790 39.907488631354774
124.313719999461140 39.908378941695339
124.313719999189890 39.909279427489771
124.313719999241810 39.910179913147608
124.313719999616940 39.911080398668908
124.313986086420940 39.911912424848616
124.314559999991030 39.912665252202160
124.314749630421060 39.913515063251339
124.315393641382090 39.914244387518281
124.315539015849080 39.915111847687434
124.316247444871180 39.915816624054074
124.316249702740560 39.916700419615267
124.316957834385210 39.917417043586852
124.317665980882720 39.918133662905653
124.317884203830220 39.918983505108244
124.318465095926880 39.919737776919590
124.319161233885820 39.920461351504258
124.319857386598140 39.921184921581130
124.320914874234230 39.921326390909549
124.321621936057430 39.922043666945598
124.322329012728060 39.922760938340993
124.322897153036120 39.923515980780586
124.323155345113190 39.924356832212716
124.323847460068080 39.925082715732472
124.324539589743550 39.925808594791725
124.324587086319270 39.926696760799253
124.325306015960610 39.927407040696977
124.326024960545870 39.928117315807285
124.326219999660760 39.928966195860994
124.326219999458390 39.929866675861099
124.326219999582280 39.930767155724688
124.326242206421410 39.931661713106919
124.327148136022430 39.932077081376853
124.328317788791410 39.932069933309414
124.329487440990040 39.932062773443121
124.330380737651310 39.932495494088286
124.331300070976040 39.932890002690066
124.332469773339840 39.932890000218450
124.333184434491020 39.933591335812793
124.334270653105090 39.933715715877526
124.335440348944080 39.933710488763154
124.336610044276330 39.933705249847847
124.337779739101140 39.933699999131612
124.338949433417880 39.933694736614484
124.340072141191740 39.933762981141655
124.340780493603110 39.934479570311360
124.341898431371730 39.934562827593581
124.343068152001190 39.934566001539928
124.344237872408100 39.934569163680024
124.345407592591870 39.934572314013849
124.346577312551720 39.934575452541431
124.347747032287020 39.934578579262748
124.348679994428050 39.934961399480621
124.349414799836130 39.935662030331478
124.350238177230410 39.936220000554734
124.351182164577310 39.936591232309290
124.352066844802890 39.937060000653418
124.352941136977240 39.937525531475707
124.353879584647760 39.937890000711612
124.354705512304650 39.938426924358787
124.355417893492150 39.939141166782640
124.356130289583180 39.939855404494203
124.356842700578410 39.940569637493120
124.357555126478460 39.941283865779049
124.358267567283900 39.941998089351699
124.358980022995450 39.942712308210723
124.359692493613660 39.943426522355779
124.360404979139290 39.944140731786561
124.361117479572840 39.944854936502715
124.361829994915000 39.945569136503941
124.362542525166390 39.946283331789878
124.363255070327680 39.946997522360213
124.363967630399440 39.947711708214598
124.364680205382430 39.948425889352755
124.365392795277120 39.949140065774301
124.366105400084250 39.949854237478931
124.366932273487450 39.950390000676002
124.367858522479990 39.950773900515721
124.368745290352320 39.951220000682866
124.369563242099450 39.951721874012151
124.369727293790770 39.952591639645370
124.370420147482700 39.953315898721684
124.370519523320670 39.954196814913963
124.371193690223550 39.954932785934531
124.372035479612040 39.955420000739338
124.372923698704850 39.955865558764536
124.373645426965620 39.956574322400421
124.374508095291890 39.957069203067640
124.375425661993720 39.957507597053421
124.376368230203890 39.957923882549480
124.377233331441670 39.958468479428539
124.378258509326670 39.958733577480906
124.379307662285600 39.958930560172099
124.379012587388370 39.959557914608034
124.377842580626120 39.959544155001772
124.376672573994480 39.959530383575263
124.375929839933850 39.958846143430421
124.374878405354470 39.958601841315200
124.374134451475700 39.957917366893838
124.373116373146960 39.957623587515123
124.372389317704520 39.956918048960880
124.371657571036980 39.956220000045015
124.370606000976410 39.956039043052542
124.369828276273980 39.955438426084491
124.368658260653500 39.955429290319486
124.367488245008050 39.955420142737132
124.367059999979090 39.956194770912873
124.366728367941090 39.957010138342049
124.366275349582680 39.957795530578515
124.366262486552000 39.958695943075128
124.366249623519830 39.959596355439714
124.366236760486150 39.960496767672275
124.366223897450960 39.961397179772810
124.365711120585390 39.962160489077476
124.365389999375840 39.962974414901197
124.365389998493530 39.963874881217372
124.365389997947060 39.964775347397236
124.365389997736500 39.965675813440775
124.365389997861840 39.966576279347990
124.365389998323080 39.967476745118908
124.365389999120250 39.968377210753481
124.365262122412900 39.969245773066156
124.364579818601920 39.969976059333234
124.364552865867520 39.970876285945366
124.364428438232030 39.971751979873027
124.363758684366770 39.972490425090868
124.363734035302260 39.973388704620106
124.363623431847690 39.974263079000238
124.362893282085250 39.974966836606214
124.362889998179360 39.975866417445047
124.362889996668290 39.976766882360970
124.362889995492480 39.977667347140574
124.362889994651920 39.978567811783847
124.362889994146600 39.979468276290760
124.362889993976580 39.980368740661326
124.362889994141870 39.981269204895568
124.362889994642370 39.982169668993450
124.362889995478260 39.983070132955014
124.362889996649410 39.983970596780203
124.362889998155880 39.984871060469032
124.362889999997690 39.985771524021551
124.363597009060840 39.986487011131203
124.363749999875860 39.987347446845504
124.363749999996090 39.988247909833504
124.363083924369180 39.988957546118115
124.362266976637330 39.989602158151094
124.361498304004120 39.990281223363361
124.360646829214800 39.990899180564654
124.359777989638450 39.991499062424232
124.358789461342240 39.991981463755032
124.357676190483530 39.992248664830370
124.356521194502820 39.992395517192648
124.355355213504860 39.992440000262498
124.354187309912390 39.992379715352371
124.353038966362590 39.992217358542774
124.351903421719680 39.992001232455898
124.350806181322890 39.991688173064681
124.349708906757390 39.991376820780715
124.348686583775250 39.990946625349245
124.347764951347570 39.990392971105805
124.347059999989810 39.989757230637359
124.346806254891600 39.988925007566500
124.346189999994720 39.988190278953681
124.346050612677970 39.987325183787611
124.345418495574730 39.986584751981326
124.345402606177740 39.985684367682126
124.345248108241800 39.984819351485079
124.344579963041740 39.984085498401271
124.344578604406280 39.983185031192519
124.344577246137280 39.982284563846719
124.344575888234710 39.981384096363840
124.344574530698620 39.980483628743926
124.344573173528940 39.979583160986934
124.344571816725660 39.978682693092900
124.344570460288810 39.977782225061830
124.344569104218320 39.976881756893668
124.344567748514250 39.975981288588471
124.344566393176520 39.975080820146204
124.344565038205160 39.974180351566922
124.344563683600160 39.973279882850555
124.344562329361490 39.972379413997160
124.344560975489130 39.971478945006702
124.344363709390710 39.970628865107045
124.343748647466210 39.969885943821389
124.343737969922360 39.968985511151075
124.343727292989290 39.968085078338675
124.343493833393610 39.967243836012095
124.342885023109840 39.966501480451633
124.342852682895440 39.965601353506642
124.342631057679400 39.964748955324467
124.342109999988450 39.963973761563736
124.341919281545120 39.963124273977222
124.341193776018330 39.962417747742101
124.340468285507300 39.961711216634164
124.339742810011300 39.961004680653737
124.339017349529850 39.960298139801161
124.338291904062220 39.959591594076791
124.337282770301700 39.959337089266725
124.336561257881040 39.958628168192064
124.335839760444660 39.957919242295326
124.334688455463890 39.957910518567175
124.333772651637490 39.957522655014230
124.332885695446810 39.957080000890784
124.332027452021850 39.956629881671134
124.331141484186830 39.956229496898743
124.329983388004460 39.956232362835287
124.329296683946790 39.955503270949613
124.328201968567880 39.955407858854194
124.327221835087160 39.955119004860300
124.326391583264070 39.954580001741725
124.325221509671120 39.954580001757343
124.324421039740560 39.954024921390996
124.323737678423700 39.953293982215335
124.322837124323970 39.952907625851978
124.322002810564110 39.952417774702170
124.321071765489410 39.952067167250014
124.319942402746620 39.952018848263172
124.319255711983590 39.951289769299585
124.318132237901140 39.951239118930793
124.317169215126820 39.950912748069484
124.316320140695410 39.950400870362891
124.315409928576220 39.950016718425402
124.314699922768470 39.949301000209047
124.313989931849310 39.948585277316859
124.313247531799620 39.947920000274820
124.312232432947850 39.947679592685311
124.311524180262910 39.946962859283872
124.310815942450660 39.946246121228675
124.310107719510440 39.945529378520057
124.309027590410310 39.945393109945691
124.307857679233680 39.945396959987164
124.306687767604320 39.945400798221854
124.305517855522880 39.945404624649747
124.304347942990120 39.945408439270842
124.303178030006660 39.945412242085098
124.302008116573230 39.945416033092521
124.300838202690510 39.945419812293103
124.300129473548820 39.946113896226407
124.299030320377350 39.946202361617736
124.298036818886230 39.945907815864985
124.297171579581640 39.945420009834507
124.296001654039060 39.945420034227595
124.294831728177000 39.945420046811584
124.293661801996170 39.945420047586438
124.292491875497250 39.945420036552179
124.291321948680900 39.945420013708755
124.290405545037460 39.945819464702460
124.289490299461050 39.946237181754370
124.288632350122500 39.946733623437758
124.287672701803520 39.947060000473108
124.286897815145860 39.947671827277588
124.286250000000390 39.948404777803184
124.286119037270540 39.949270966498688
124.285405439760170 39.949984573253310
124.284691827496020 39.950698175763648
124.284570851289370 39.951569342853936
124.284560002546910 39.952469789517380
124.283873461248530 39.953198919432204
124.283723474223410 39.954068307437581
124.283691133611950 39.954968448582363
124.282823024831430 39.955407089889526
124.282080942574940 39.954888787681220
124.282097514308230 39.953988392479253
124.281920133423400 39.953142837055623
124.281227785047850 39.952463489184460
124.281956731494790 39.951759115069450
124.282079999876710 39.950891792532346
124.282080000004070 39.949991306404030
124.282769225304920 39.949268879441874
124.283475139061170 39.948550763537085
124.284181038136550 39.947832643479835
124.284886922531730 39.947114519270450
124.285924694531370 39.946952797729871
124.286698133812620 39.946279687186980
124.287722198138940 39.946013900550760
124.287924286269630 39.945173595956859
124.288477634752250 39.944413399607775
124.288711748368170 39.943566553283304
124.288743149226990 39.942666391854161
124.288182543826540 39.941917854014044
124.287456748379700 39.941211623486332
124.286730967933240 39.940505388092497
124.286005202486560 39.939799147832929
124.284973169699070 39.939580000009329
124.284579999975800 39.938774610425803
124.284234268094610 39.937973556323008
124.283190115394020 39.937770604204225
124.282474734869750 39.937058129164164
124.281759369266130 39.936345649388329
124.281044018582550 39.935633164877075
124.280010213765610 39.935420000034462
124.279293990683260 39.934711906377508
124.278581777366200 39.933997570902640
124.277869578942880 39.933283230731789
124.277157395412630 39.932568885865209
124.276300818133650 39.932079626490179
124.275131115198900 39.932078435315240
124.273961411991220 39.932077232336113
124.272791708511250 39.932076017552781
124.271622004759760 39.932074790965231
124.270452300737380 39.932073552573492
124.269282596444810 39.932072302377506
124.268112891882740 39.932071040377302
124.266943187051850 39.932069766572880
124.265773481952820 39.932068480964219
124.264603776586400 39.932067183551332
124.263434070953220 39.932065874334207
124.262264365053980 39.932064553312820
124.261094658889420 39.932063220487208
124.259924952460150 39.932061875857329
124.258755245766880 39.932060519423189
124.257848607300800 39.931882004956236
124.256941968834740 39.931703490489284
124.256035330368660 39.931524976022324
124.255128691902600 39.931346461555371
124.254222053436520 39.931167947088419
124.253105126031710 39.931258540808685
124.251935750465280 39.931268180541480
124.250766374263070 39.931277808482562
124.249598425292390 39.931240226439890
124.248713365657310 39.930782834737016
124.247798825430910 39.930393811540640
124.246629446852950 39.930402194057052
124.245460067683330 39.930410564781120
124.244290687922730 39.930418923712814
124.243523220376050 39.929795791865587
124.242492760125710 39.929580003110232
124.241450796454600 39.929396475838338
124.240730348765580 39.928750000501410
124.239726202970800 39.928485756945243
124.238910631882530 39.927920000592700
124.237976116594950 39.927565509860983
124.237141846817980 39.927068630925731
124.236252644673400 39.926649930711115
124.235552747158860 39.925928696346134
124.234734043795640 39.925390001854602
124.233564696351310 39.925390001797837
124.232740308500580 39.924850319920630
124.232026947850540 39.924136957173417
124.231107306553000 39.923711492734355
124.230274779545310 39.923161222044413
124.229556014705510 39.922451092032979
124.228837264793730 39.921740957254102
124.227998503268030 39.921220000668256
124.227078765543510 39.920818065418771
124.226344491902150 39.920117419124367
124.226189999988260 39.919259120898950
124.225467624747400 39.918720000689049
124.224609162507250 39.918281985324590
124.224593460598380 39.917381759024138
124.224470574410790 39.916513009708417
124.223474863993790 39.916220000471483
124.222870590966150 39.915566860208443
124.222915294206130 39.914667210290538
124.222616201073720 39.913853734493166
124.222074573248040 39.913096652633563
124.221846464755730 39.912251383243813
124.221219999995430 39.911512252476889
124.221051090664400 39.910654987769284
124.220390846637140 39.909923153500287
124.220407115764430 39.909022931088778
124.220264731353450 39.908165823788487
124.219579999996850 39.907455730778580
124.219486013226870 39.906581178679204
124.218747518163070 39.905883260052732
124.218694119698600 39.905004408207844
124.218692375703130 39.904111365955039
124.217995198698520 39.903388695065601
124.217298036432850 39.902666019674719
124.217039872360500 39.901822035876705
124.216488424843900 39.901048996513794
124.216257327371350 39.900197841196643
124.215687385816100 39.899447211030328
124.214966249743310 39.898738651207182
124.214529999977710 39.897954338691093
124.214182072740340 39.897143523202978
124.213479703406610 39.896423879992078
124.212453703288770 39.896203149944434
124.211745775397560 39.895486750484487
124.211037862330870 39.894770346394154
124.210329964088060 39.894053937673768
124.209375998906070 39.893720000714346
124.208580613505050 39.893156681277354
124.207588595185360 39.892890005685075
124.206419793377720 39.892890005021712
124.205482209177490 39.892541200079158
124.204632445300580 39.892064545799904
124.203463785250390 39.892077900837279
124.202746165577710 39.891442366975468
124.201734776715810 39.891227355256255
124.200566079663640 39.891237761863877
124.199397381962950 39.891248156696847
124.198580048059280 39.891822423570190
124.197892180344270 39.892532503994730
124.198002425545140 39.893410509851940
124.198726194218440 39.894117446311661
124.198697072829330 39.894996748556267
124.197993199148930 39.895067058984282
124.197111508148000 39.894571468369811
124.196219450807060 39.894120446301422
124.195495166778710 39.893413822438752
124.195440000002450 39.892528258496519
124.196113552351420 39.891799074908825
124.196902395312760 39.891237430227299
124.197843068505590 39.890919510254854
124.198699477000180 39.890418245971439
124.199868212363430 39.890412199688633
124.201036947225940 39.890406141628247
124.202205681587160 39.890400071790310
124.203374415446320 39.890393990174850
124.204386026039940 39.890636028935148
124.205162660373250 39.891248824090134
124.206331382998020 39.891240368420867
124.207500105038700 39.891231900975427
124.208668826494630 39.891223421753828
124.209565698319280 39.890794307988998
124.210278931983400 39.890081069743424
124.210378921532670 39.889202151847641
124.210400269312740 39.888301987332092
124.210363482571690 39.887417520282646
124.209617274713880 39.886724612739705
124.209573605961180 39.885834672109169
124.209566876183150 39.884934371645102
124.209560146878630 39.884034071040944
124.209553418047630 39.883133770296702
124.209546689690130 39.882233469412405
124.209539961806090 39.881333168387989
124.209533234395510 39.880432867223504
124.209191628742460 39.879612004281029
124.208777997602510 39.878808337500587
124.208772562321700 39.877908030622621
124.208767127480300 39.877007723605239
124.208761693078330 39.876107416448413
124.208756259115750 39.875207109152143
124.208750825592560 39.874306801716443
124.208132207698780 39.873573035214733
124.207868113212030 39.872746136071953
124.207881066679700 39.871845873681721
124.207894020105600 39.870945611158071
124.207906973489700 39.870045348501009
124.207919926832090 39.869145085710535
124.207169283480670 39.868456765350103
124.207038810266010 39.867595810915006
124.207049613627130 39.866695530741040
124.207033510656000 39.865801875940456
124.206347240800180 39.865073244772915
124.206263964019510 39.864197327719161
124.206269363058670 39.863300031979996
124.205527314693800 39.862604639387605
124.204785281371240 39.861909241741209
124.204564301697290 39.861080012753703
124.204070958575940 39.860316998449527
124.203343552685400 39.859612496658087
124.202306265926840 39.859410350034139
124.201588167929300 39.858719370999985
124.200420089689870 39.858705189854284
124.199252011636570 39.858690996936311
124.198461397053010 39.858055554910571
124.197373973388110 39.857908907306296
124.196205901200600 39.857895054076977
124.195365949100610 39.857415224951822
124.194464118666180 39.857036713670453
124.193296060221440 39.857050562897108
124.192128001013930 39.857064400366177
124.190959941044310 39.857078226077618
124.190183921548950 39.856461120725321
124.189168548444560 39.856224673229306
124.188000400265280 39.856231739765406
124.186832251554410 39.856238794538775
124.185664102312670 39.856245837549423
124.184495952540660 39.856252868797313
124.183327802239120 39.856259888282459
124.182159651408780 39.856266896004826
124.180991500050200 39.856273891964399
124.179884548191420 39.856188140611955
124.179203891775560 39.855456434209628
124.178060006054620 39.855416065852609
124.176891845353240 39.855411914071531
124.175723684503410 39.855407750522012
124.174555523505840 39.855403575204065
124.173387362361240 39.855399388117675
124.172219201070310 39.855395189262843
124.171051039633640 39.855390978639591
124.170416809241640 39.856001238924151
124.170400034716380 39.856901473456190
124.170672352814590 39.857728976058276
124.171375095196000 39.858448189139786
124.172347991914380 39.858750000355322
124.173111510790680 39.859386938572307
124.173827847168710 39.860098150971197
124.174544198411910 39.860809358644168
124.175260564520940 39.861520561590901
124.175976945496430 39.862231759810982
124.176726892839770 39.862886859573216
124.177719278621200 39.863124669132198
124.178493733857990 39.863720000621839
124.179468086414180 39.864021680911200
124.180290304764070 39.864560000674160
124.181207833461900 39.864947165932946
124.182089310875100 39.865390000736134
124.182943667946250 39.865874949203864
124.183868529083280 39.866229055741996
124.184662959848150 39.866792949451181
124.185644131389200 39.867080000654006
124.186441380169850 39.867661396337425
124.187154534111120 39.868374552389071
124.187867702899330 39.869087703751312
124.187899506996810 39.869979723138407
124.188783018573450 39.870420000578719
124.189559999988870 39.870943994000704
124.189698519737380 39.871807818193254
124.190413968903060 39.872519632306890
124.191129432936380 39.873231441702167
124.191844911837990 39.873943246378786
124.192560405608460 39.874655046336393
124.193275914248430 39.875366841574674
124.193991437758600 39.876078632093297
124.194706976139510 39.876790417891918
124.195308910605020 39.877508119669770
124.194661749389200 39.877584762309290
124.193944567455920 39.876873954248218
124.193227400406400 39.876163141446867
124.192510248240110 39.875452323905563
124.191793110956300 39.874741501624683
124.190768195472170 39.874537017542707
124.190067477010460 39.873816544577842
124.189366773297410 39.873096067074542
124.188666084332400 39.872375585033133
124.187722002644290 39.872030000659258
124.186910611696920 39.871470659075278
124.186197417711180 39.870757508073659
124.185484238574110 39.870044352382408
124.184771074285040 39.869331192001880
124.184057924843330 39.868618026932417
124.183344790248430 39.867904857174302
124.182631670499660 39.867191682727920
124.181572053368210 39.867021596760338
124.180864264354310 39.866305280809392
124.179848243077670 39.866056625087573
124.179059916152410 39.865417105661869
124.178052199449700 39.865136837387240
124.177330949732560 39.864428550084703
124.176590941278860 39.863750000159612
124.175584131634760 39.863499695088180
124.174879010737440 39.862781837490211
124.174173904617720 39.862063975303478
124.173117738020110 39.861891945172637
124.172407061820010 39.861190405318247
124.171238937992800 39.861204773571522
124.170070813390480 39.861219130065805
124.169330098834420 39.860550100886336
124.168264128714670 39.860400876681396
124.167096010034230 39.860414891688400
124.166216945234340 39.859966948766633
124.165308442819480 39.859564016777718
124.164140259054240 39.859573363903387
124.163106758695110 39.859371922186682
124.162360581144310 39.858722002285752
124.161192676863190 39.858743367664573
124.160349297522660 39.858251926134663
124.159417696161400 39.857911047749639
124.158611595756750 39.857356268828696
124.157902738726920 39.856640632128112
124.157193896500160 39.855924990796517
124.157093573559490 39.855054408820855
124.157109745547190 39.854154164949882
124.156395366306460 39.853445797983220
124.155669323211750 39.852740493576952
124.155359999979580 39.851923251489652
124.154865690626080 39.851154581271771
124.154144496149950 39.850446341849363
124.153713194581040 39.849667546535152
124.153458758529440 39.848843339247850
124.152753936129140 39.848125388002479
124.152135952046360 39.847383960206287
124.151983328113790 39.846518202787522
124.151252750777940 39.845815728750573
124.150350379449140 39.845407023679122
124.149512210515710 39.844914582949521
124.148575401769110 39.844566998106096
124.147434207575130 39.844540537147090
124.146764965340470 39.843802655270473
124.145715527315760 39.843623195997608
124.145013384341890 39.842903715025642
124.143854427713080 39.842903431660389
124.142686593049220 39.842917112696192
124.141890049522440 39.842350174911182
124.140911226084740 39.842057724217383
124.139743280816570 39.842053911029282
124.138575335397550 39.842050086078487
124.137407389828340 39.842046249365005
124.136239444109620 39.842042400888772
124.135071498242110 39.842038540649838
124.133903552226510 39.842034668648225
124.132735606063430 39.842030784883875
124.131930780502970 39.842599222902322
124.130967447686250 39.842920000434908
124.130469999978520 39.843619083517396
124.130138779491740 39.844430059048427
124.129579440762270 39.845179639945407
124.129577039132760 39.846079974669536
124.129574637718320 39.846980309257084
124.129572236518920 39.847880643708010
124.129569835534640 39.848780978022347
124.129567434765380 39.849681312200076
124.129565034211200 39.850581646241203
124.129562633872040 39.851481980145721
124.129560233748010 39.852382313913644
124.130174361657780 39.853130441228636
124.130381373195850 39.853984577322677
124.130410762448180 39.854884627479279
124.130443594950930 39.855783770430065
124.131135348764030 39.856509281791681
124.131827117231230 39.857234788733294
124.132079999984100 39.858071213000557
124.132617592704480 39.858833700521394
124.133317504565530 39.859554566349146
124.133726034675620 39.860343505204149
124.133997992850300 39.861160703921804
124.134721839393140 39.861867406185837
124.135445700855370 39.862574103637975
124.136169577237600 39.863280796277927
124.136893468540440 39.863987484105294
124.137617374764550 39.864694167119787
124.138341295910480 39.865400845321069
124.139065231978880 39.866107518708766
124.139367942759580 39.866812419117991
124.138648318549950 39.866538352970444
124.137935142001470 39.865825209866323
124.137221980295180 39.865112062081728
124.136508833430480 39.864398909616973
124.135795701406720 39.863685752472385
124.135082584223230 39.862972590648276
124.134044671590520 39.862766926605403
124.133323422299130 39.862058643282751
124.132602187908250 39.861350355180917
124.131544534909750 39.861150060198185
124.130861072911030 39.860419870931551
124.130418422389970 39.859624760892409
124.130045355927950 39.858812902300464
124.129559999976580 39.858036423865727
124.129315623367770 39.857201483132840
124.128591668606220 39.856494874723104
124.127890000000460 39.855782301856387
124.127841882480710 39.854895361493860
124.127095393339800 39.854202835260899
124.127066779622810 39.853312368196690
124.127073896775460 39.852412048925039
124.126972580440980 39.851542025351286
124.126218620393100 39.850854346766063
124.126172245329730 39.849967725594283
124.126174645638610 39.849067390838059
124.126177046161760 39.848167055945233
124.126179446899130 39.847266720915783
124.126181847850760 39.846366385749711
124.126184249016590 39.845466050447008
124.126186650396680 39.844565715007711
124.126189051990960 39.843665379431755
124.125771161634450 39.842870980203067
124.125359999977310 39.842074638137355
124.124991167556460 39.841271167700562
124.123836802491950 39.841239801748813
124.122668936355170 39.841229279907111
124.121555176965060 39.841304828214874
124.120842132288910 39.842017905807118
124.120129072928490 39.842730979134991
124.119415998883260 39.843444048198172
124.118702910152510 39.844157112996314
124.118004436337330 39.844281473199459
124.117926254361890 39.843401941680888
124.117933399774970 39.842501619368718
124.117992364172250 39.841614404286091
124.118678564960560 39.840885845692064
124.118735511075440 39.840003466373723
124.118749137717670 39.839110862709276
124.119462192675170 39.838397808265533
124.119544722525730 39.837515357386408
124.119518157844550 39.836625575666922
124.118831973743230 39.835897035102491
124.118721697083590 39.835017518950004
124.117883516569250 39.834570384131410
124.117009552910060 39.834119556431546
124.116096576051600 39.833720026394232
124.114928755643420 39.833720077969197
124.113760934959460 39.833720117786569
124.112593114000430 39.833720145846307
124.111425292767020 39.833720162148431
124.110257471259910 39.833720166692906
124.109089649479810 39.833720159479810
124.107921827427350 39.833720140509051
124.106754005103230 39.833720109780643
124.105586182508220 39.833720067294600
124.104418359642880 39.833720013050900
124.103600066465180 39.834276262092082
124.102919999996370 39.834994509489690
124.102851495816030 39.835876413967448
124.102124611556010 39.836581109052176
124.101269194662610 39.837069611508092
124.100102226610060 39.837034032160545
124.099328085494650 39.836403555537863
124.098275783309820 39.836204752234153
124.097250816463400 39.835979798340936
124.096483359271090 39.835385944846458
124.095315794845820 39.835365930006439
124.094456575271380 39.834865135730432
124.093479061851580 39.834567778702748
124.092363198145560 39.834500423342043
124.091666065490830 39.833778092828609
124.090536397135180 39.833739641698799
124.089611071172040 39.833378101261602
124.088761361305050 39.832885513725884
124.087593686844360 39.832871670831317
124.086497647705670 39.832747649181528
124.085768441886630 39.832060989621077
124.084749734925890 39.831851776253586
124.083993651997100 39.831222629966817
124.082826183171900 39.831243603517379
124.082004957514040 39.830737264120778
124.081071834038870 39.830390000696561
124.080265316599410 39.829831870498346
124.079273526461050 39.829560002953471
124.078190913965410 39.829424392805535
124.077428156789100 39.828773134516084
124.076399686763780 39.828496455353985
124.075583367938010 39.827917642367844
124.074415777880420 39.827903636017226
124.073260572992910 39.827870573271703
124.072547554089100 39.827157554752056
124.071490357631550 39.826938863687381
124.070765320992390 39.826251595831600
124.069753458505690 39.826047220601872
124.069003397094460 39.825421927167021
124.067835837519510 39.825435426119427
124.067021410267220 39.824940021032880
124.066108144505040 39.824587203411348
124.064940603070400 39.824600939991996
124.063931172542010 39.824365489022547
124.063161632638550 39.823748485471334
124.061994048590280 39.823737975888335
124.060826464636880 39.823727454548752
124.059783608387650 39.823516646335278
124.058969862781850 39.822933899501237
124.057803123876780 39.822898328561593
124.056939257997530 39.822372273826517
124.055925451483220 39.822103628252819
124.054757892326020 39.822093207460725
124.053590333262450 39.822082774912751
124.052907297140150 39.822652075882417
124.052685998887640 39.823506178197519
124.052062410300080 39.824243644465675
124.051967102269930 39.825114554062701
124.051260599551700 39.825831410898168
124.050554082215130 39.826548263535379
124.049729255163000 39.827063104994423
124.048774072283310 39.826686119075056
124.047873945078000 39.826246869933556
124.046706286459430 39.826238480236711
124.045538627867760 39.826230078782650
124.044370969303670 39.826221665571403
124.043603172706270 39.826811889341243
124.042916197539510 39.826620159952512
124.042009262160350 39.826226179266818
124.040841689810690 39.826240025613792
124.039786090624740 39.826060399277004
124.039556732997100 39.825225261100918
124.039552099218530 39.824324912522826
124.039547465816630 39.823424563805155
124.039542832791310 39.822524214947912
124.039538200142690 39.821623865951054
124.039533567870620 39.820723516814645
124.039368626208400 39.819864786146546
124.038690272715330 39.819139455853900
124.038698311365150 39.818239120448965
124.038706350060590 39.817338784908344
124.038714388801640 39.816438449232066
124.038501492329430 39.815596617879379
124.037777927155360 39.814890012858548
124.036817759225230 39.814560002647980
124.035721051803550 39.814449740702997
124.035013437581210 39.813733599690266
124.033854706092000 39.813726932121014
124.032687241336330 39.813733986799548
124.031519776088190 39.813741029732526
124.030352310348210 39.813748060919927
124.029483613094610 39.814247276515232
124.028504078278030 39.814567484348089
124.027379107013830 39.814644363454754
124.026690968298000 39.815371710711425
124.026002815149570 39.816099053981652
124.024960158484730 39.816289841798948
124.024579999977500 39.817090293415056
124.024169258315880 39.817883225688050
124.023458955464380 39.818597809185974
124.022919999980620 39.819357207372526
124.022720870188930 39.820206790937654
124.022132822661020 39.820958932388997
124.022089462018090 39.821858670459875
124.021859586044570 39.822713747570653
124.020839424462470 39.822939331369327
124.020435032615500 39.822142176639709
124.020421391148300 39.821241878748381
124.020407750288130 39.820341580713055
124.020394110034910 39.819441282533695
124.019899443846710 39.818667388100209
124.019197332639980 39.817948005398826
124.018048011208360 39.817906702597895
124.016880574740800 39.817892855039503
124.016095255915690 39.817311632772878
124.015114005971870 39.817042712960010
124.014024594590470 39.817179578315105
124.013327509079420 39.817901858343731
124.012171775256920 39.817914206054247
124.011004224776340 39.817908251226385
124.009836674248890 39.817902284645427
124.008669123675250 39.817896306311368
124.007501573056130 39.817890316224208
124.006826184091810 39.818599477779671
124.005784246668430 39.818759000283301
124.004617207036430 39.818731321394189
124.003732969902790 39.819149793269972
124.003044355996790 39.819876902620756
124.002336955221980 39.820247492760906
124.002063413343900 39.819426541043022
124.002068772512570 39.818526187755872
124.002074131787810 39.817625834332190
124.002079491169600 39.816725480772021
124.001285525734520 39.816190460485423
124.000882107626300 39.815349063569428
124.000538991065340 39.814488458757872
123.999977540812340 39.813720000564125
123.998810033141370 39.813720023949791
123.997642525224170 39.813720035586122
123.996475017061390 39.813720035473118
123.995307508653720 39.813720023610763
123.994140000000000 39.813719999999002
123.993900000000010 40.024500000000003
124.500200000000010 40.024500000000003
124.499940000029990 39.825389999997000
124.499257099783480 39.826120456540153
124.498574185181840 39.826850909242602
124.497558418216700 39.827080000302821
124.496816025956520 39.827742150552723
124.495758023589300 39.827941977436907
124.495044931305220 39.828655092365160
124.494331824362900 39.829368203098127
124.493618702761720 39.830081309635425
124.492648365720670 39.830413630304513
124.491838660320410 39.831007295151927
124.490800503015080 39.831229958520630
124.489632722664920 39.831244314729652
124.488736214846540 39.830821382253937
124.487822415009790 39.830420002584859
124.486654499123720 39.830420000102080
124.485935729600270 39.829715743073116
124.485222620852340 39.829002628534454
124.484235811037820 39.828746407376478
124.483500062484650 39.828086934655978
124.482476977009580 39.827896145198103
124.481779778650730 39.827173748130264
124.480742750235820 39.826971700272850
124.480035007395680 39.826255429685155
124.478996269693700 39.826043303222676
124.478221645006630 39.825390524969876
124.477053890614100 39.825401024129967
124.475886135502860 39.825411511538860
124.474807797241500 39.825557162121690
124.474091753969660 39.826248235230636
124.472925217159850 39.826205558961227
124.472056596152260 39.826648875061586
124.471169419398480 39.827080000686045
124.470322490392290 39.827584869267753
124.469607038169600 39.828296583188944
124.468891571265960 39.829008292881788
124.468176089680770 39.829719998345922
124.467460593413360 39.830431699580984
124.467052956674860 39.831218126426734
124.466674934140390 39.832001974181566
124.465638914981530 39.832226692015254
124.465380076912000 39.833045540788341
124.464904590978220 39.833819167824920
124.464194898162860 39.834534340247814
124.463485190715060 39.835249508510202
124.462775468634190 39.835964672611730
124.462065731919640 39.836679832552079
124.461355980570760 39.837394988330928
124.460646214586940 39.838110139947915
124.459936433967480 39.838825287402727
124.459226638711800 39.839540430695038
124.458516828819210 39.840255569824521
124.457807004289120 39.840970704790834
124.456837181250420 39.841271954735973
124.455669216951190 39.841257768815822
124.454709583363240 39.840925705149992
124.454001817063560 39.840209358073380
124.453294065572420 39.839493006325640
124.452586328889140 39.838776649907167
124.451509963193560 39.838599037138813
124.450755929905950 39.837919708750150
124.449588019569660 39.837905571079062
124.448420109356320 39.837891421637728
124.447252199266530 39.837877260426161
124.446084289301010 39.837863087444376
124.445238229209950 39.837323280264968
124.444216122175020 39.837080040872763
124.443048079984480 39.837080094525440
124.441880037437340 39.837080136414016
124.440711994534250 39.837080166538485
124.439543951275950 39.837080184898817
124.438375907663040 39.837080191495026
124.437207863696260 39.837080186327100
124.436039819376300 39.837080169395030
124.434871774703860 39.837080140698816
124.433703729679580 39.837080100238445
124.432535684304180 39.837080048013910
124.431477418253460 39.836911543986751
124.430760060236000 39.836220913872907
124.429592357081990 39.836242276172399
124.428721521222490 39.835790846637046
124.427813418987010 39.835408672301718
124.426998072186980 39.834887092233323
124.426046318708000 39.834560000736744
124.425243030656020 39.834001554197918
124.424222812528040 39.833725583156429
124.423779999983670 39.832972292930471
124.423457651215340 39.832158899073946
124.422921913566480 39.831403670927727
124.422929204609940 39.830503215138599
124.422936495812980 39.829602759216520
124.422551123624060 39.828811040619513
124.422045897237210 39.828056569646336
124.421829985705940 39.827223004558626
124.421111449972970 39.826513131872218
124.420418816946760 39.825796085753140
124.420331322684400 39.824911328204166
124.419618180596360 39.824198242908658
124.418905053346150 39.823485152882732
124.418191940933080 39.822772058126745
124.417478843356630 39.822058958641001
124.416765760616120 39.821345854425843
124.416052692710920 39.820632745481575
124.415416355178660 39.819898555144995
124.415384014750840 39.818998423734151
124.415180534388450 39.818144050029360
124.414530724021250 39.817409762407983
124.414541546490640 39.816509323703244
124.414552369025400 39.815608884866585
124.414563191625530 39.814708445897992
124.414574014291080 39.813808006797494
124.414263703801520 39.812989896163877
124.413749999992090 39.812223157583709
124.413485324770650 39.811388989819356
124.412935750833270 39.810625163346366
124.412737883463710 39.809776944157640
124.412056533334850 39.809070623223498
124.411920306793960 39.808198979537167
124.411212649921580 39.807482749036573
124.410505007832700 39.806766513874734
124.409797380526610 39.806050274051969
124.409559999990040 39.805211598874763
124.409038268911230 39.804448276193398
124.408325242089260 39.803735242428132
124.407289033904580 39.803521744966446
124.406542531676610 39.803050473179646
124.406210546706990 39.803856236079916
124.406194371938170 39.804756630856865
124.406732956047280 39.805506355503141
124.407068138211800 39.806310404196850
124.407510265026150 39.807093037676779
124.408220573367390 39.807807704001974
124.408700648958690 39.808585273057012
124.408989583499850 39.809416005198869
124.409559999997740 39.810169328782194
124.409773245145000 39.811011131421033
124.410439341188510 39.811728143614133
124.410432610731960 39.812628607697043
124.410425880446650 39.813529071646769
124.410419150332630 39.814429535463240
124.410412420389830 39.815329999146520
124.410405690618300 39.816230462696552
124.410398961018020 39.817130926113371
124.410392231588970 39.818031389396957
124.410855979138560 39.818812825183542
124.411236543068870 39.819620122273200
124.411676174454880 39.820411581826804
124.412086805788960 39.821208867372121
124.412102980469870 39.822109258225069
124.412487611714890 39.822893798650178
124.413532324840330 39.823141645789384
124.414353329371250 39.823720000532518
124.415325333213160 39.824022600938434
124.416027562164250 39.824742096791446
124.416249999991950 39.825585245218036
124.416773183247940 39.826352096726460
124.416662691095010 39.827058197422510
124.416233535294950 39.827835455691606
124.415881332076760 39.828636244318766
124.415377835149030 39.829395639558477
124.415197086748220 39.830240061221573
124.414149992844680 39.830389305276164
124.413101054104250 39.830165981054300
124.412357395618230 39.829688338975885
124.411627034320190 39.830391023606602
124.410896658209540 39.831093703816464
124.410364165384170 39.831848823652919
124.410379869797210 39.832749218269953
124.410132991350170 39.833580818322297
124.409559999993950 39.834327854954850
124.409379170611830 39.835180831518670
124.408742612617660 39.835915887031881
124.408574948452780 39.836785053028670
124.407891242038840 39.837505605123440
124.407859981892670 39.838390018961491
124.407146819294230 39.839103181252746
124.407080220569180 39.839993677654029
124.406361023964020 39.840701652758035
124.406278578167470 39.841572084500712
124.405604511546430 39.842297635813992
124.404899303428190 39.843015507144770
124.404558953307200 39.843839611622286
124.404049997490460 39.844611390044854
124.403328710457420 39.845319719678599
124.402870995939030 39.846095219890358
124.402602398083930 39.846917910540775
124.402005770685550 39.847655810037296
124.401842489349010 39.848509087780492
124.401223139769870 39.849253727873531
124.401104342940240 39.850115658874785
124.400439282638630 39.850841694420133
124.400428812387960 39.851742133677206
124.400309751206620 39.852614490603955
124.399636814353370 39.853344246262985
124.399502048310790 39.854227237048114
124.398783270240270 39.854937140991872
124.398734574075210 39.855828712859982
124.398652632025050 39.856712421618219
124.397971857862060 39.857444253623903
124.397902331513020 39.858327129412878
124.397175248693900 39.859032018285504
124.396349927293560 39.859577870699873
124.395181555428620 39.859568297668943
124.394072216118810 39.859654489178084
124.393343662059250 39.860358484797182
124.392213781307010 39.860406950625801
124.391045475725240 39.860392640553798
124.390419999990400 39.861018815931800
124.390608133959740 39.861872796099490
124.391190000000560 39.862629467698696
124.391015786093490 39.863484215949256
124.390389999865580 39.864220435811447
124.390389998806060 39.865120911484027
124.390389998088550 39.866021387020531
124.390389997713100 39.866921862420945
124.390389997679690 39.867822337685269
124.390389997988340 39.868722812813516
124.390389998639050 39.869623287805659
124.390389999631810 39.870523762661733
124.389899659959910 39.871294289334408
124.389550956650450 39.872109547915876